5
bspline
4 9
knots
0
0
0
0
1
2
3
4
5
6
6
6
6
cpoints
-66 -0 285 1
-65.8085 -6.04788 285 1
-63.0966 -16.5309 285 1
-50.7258 -29.0701 285 1
-34.0001 -33.465 285 1
-17.2738 -29.0701 285 1
-4.90462 -16.5309 285 1
-2.192 -6.04788 285 1
-2 0 285 1
bspline
4 10
knots
0
0
0
0
1
2
3
4
5
6
7
7
7
7
cpoints
-69 -0 135 1
-68.7899 -6.6145 135 1
-66.5951 -17.9298 135 1
-49.5917 -32.3205 135 1
-44.0382 -34.6518 135 1
21.7445 -31.4975 135 1
50.0247 -20.5074 135 1
63.6001 -16.7773 135 1
68.2352 -6.22023 135 1
69 0 135 1
bspline
4 10
knots
0
0
0
0
1
2
3
4
5
6
7
7
7
7
cpoints
-69 -0 26 1
-68.7899 -6.6145 26 1
-66.5951 -17.9298 26 1
-49.5917 -32.3205 26 1
-44.0382 -34.6518 26 1
21.7445 -31.4975 26 1
50.0247 -20.5074 26 1
63.6001 -16.7773 26 1
68.2352 -6.22023 26 1
69 0 26 1
bspline
4 10
knots
0
0
0
0
1
2
3
4
5
6
7
7
7
7
cpoints
-69 -0 11 1
-68.7899 -6.6145 11 1
-66.5951 -18.0265 11 1
-49.5917 -31.9819 11 1
-44.0382 -35.9094 11 1
21.7445 -31.1604 11 1
50.0247 -20.5982 11 1
63.6001 -16.7513 11 1
68.2352 -6.22023 11 1
69 0 11 1
bspline
4 10
knots
0
0
0
0
1
2
3
4
5
6
7
7
7
7
cpoints
-61.7932 -0 -0 1
-61.4548 -6.48652 0 1
-57.7957 -17.111 0 1
-44.4398 -28.3959 0 1
-19.9766 -27.8476 0 1
10.1092 -24.8098 0 1
43.5107 -15.2391 0 1
54.0931 -13.455 0 1
60.1793 -5.00352 -0 1
61.7932 0 0 1